[source_id_0]
corners = 1410, 183, 1512, 1063, 361, 1063, 457, 184
grid_points = (115, 87), (243, 87), (376, 87), (506, 87), (640, 87), (768, 87), (903, 87), (1036, 87), (1164, 87), (115, 209), (245, 209), (378, 209), (509, 209), (637, 209), (770, 209), (903, 209), (1036, 209), (1164, 209), (115, 332), (245, 335), (376, 335), (509, 332), (637, 332), (770, 332), (903, 332), (1036, 332), (1164, 332), (115, 453), (245, 453), (376, 453), (509, 453), (640, 453), (770, 455), (903, 455), (1036, 455), (1164, 453), (115, 576), (245, 573), (376, 573), (506, 573), (640, 576), (770, 576), (903, 583), (1036, 578), (1164, 576), (115, 691), (243, 683), (376, 693), (506, 693), (640, 693), (768, 696), (903, 696), (1036, 698), (1164, 691), (115, 814), (243, 808), (373, 811), (506, 811), (640, 814), (768, 814), (903, 816), (1036, 819), (1164, 814), (115, 934), (243, 931), (373, 934), (504, 934), (640, 934), (768, 936), (903, 939), (1036, 939), (1164, 934), (115, 1057), (243, 1054), (373, 1057), (504, 1057), (642, 1059), (768, 1059), (903, 1062), (1036, 1062), (1164, 1057), (115, 1185), (243, 1185), (376, 1185), (506, 1185), (640, 1185), (768, 1185), (903, 1185), (1036, 1185), (1164, 1185)

video_path = /home/project/videos/video1.mp4

[source_id_1]
corners = 474, 58, 524, 351, 105, 351, 149, 46
grid_points = (102, 92), (240, 92), (378, 92), (517, 92), (655, 92), (791, 92), (924, 92), (1064, 92), (1208, 92), (102, 207), (240, 199), (378, 202), (519, 204), (657, 207), (793, 212), (931, 215), (1070, 217), (1208, 207), (102, 332), (240, 325), (378, 327), (519, 332), (655, 332), (793, 337), (929, 340), (1067, 343), (1208, 332), (102, 458), (240, 453), (378, 455), (519, 458), (655, 458), (793, 460), (929, 463), (1067, 465), (1208, 458), (102, 578), (240, 570), (378, 576), (517, 578), (655, 581), (793, 583), (926, 586), (1067, 588), (1208, 578), (102, 698), (240, 691), (378, 696), (517, 698), (655, 701), (791, 704), (926, 706), (1064, 709), (1208, 698), (102, 821), (240, 814), (378, 819), (517, 819), (652, 821), (791, 826), (924, 829), (1064, 832), (1208, 821), (102, 944), (240, 934), (378, 939), (514, 942), (652, 944), (791, 949), (921, 952), (1062, 957), (1208, 944), (102, 1067), (240, 1057), (378, 1062), (514, 1064), (652, 1067), (791, 1072), (919, 1075), (1062, 1077), (1208, 1067), (102, 1185), (240, 1185), (378, 1185), (517, 1185), (655, 1185), (791, 1185), (924, 1185), (1064, 1185), (1208, 1185)

video_path = /home/project/videos/video5.mp4

[source_id_2]
corners = 491, 25, 1431, 8, 1450, 1038, 486, 1038
grid_points = (64, 92), (207, 92), (350, 92), (496, 92), (634, 92), (778, 92), (919, 92), (1064, 92), (1213, 92), (64, 212), (207, 207), (350, 207), (499, 209), (637, 212), (783, 212), (924, 215), (1070, 217), (1213, 212), (64, 337), (207, 332), (350, 332), (496, 335), (637, 337), (780, 337), (924, 340), (1070, 343), (1213, 337), (64, 460), (207, 458), (350, 460), (496, 460), (637, 463), (780, 463), (921, 465), (1067, 465), (1213, 460), (64, 583), (207, 581), (350, 583), (496, 583), (637, 586), (778, 586), (921, 588), (1067, 588), (1213, 583), (64, 711), (207, 709), (350, 709), (494, 711), (634, 711), (778, 711), (919, 714), (1064, 714), (1213, 711), (64, 834), (207, 832), (350, 832), (494, 834), (634, 834), (775, 837), (916, 837), (1064, 839), (1213, 834), (64, 962), (207, 960), (350, 960), (494, 960), (634, 962), (775, 962), (916, 962), (1062, 965), (1213, 962), (64, 1085), (207, 1080), (350, 1082), (494, 1082), (634, 1085), (775, 1088), (916, 1088), (1062, 1090), (1213, 1085), (64, 1205), (207, 1205), (350, 1205), (496, 1205), (634, 1205), (778, 1205), (919, 1205), (1064, 1205), (1213, 1205)

video_path = /home/project/videos/video3.mp4

[source_id_3]
video_path = /home/project/videos/sample2.mp4

