[source_id_0]
#corners = 295, 140, 935, 136, 1040, 860, 205, 860
#corners = 442, 210, 1402, 204, 1560, 1000, 307, 1000
corners = 455, 175, 1434, 180, 1545, 1078, 331, 1077
[grid_chess_points]
grid_points = [(122, 34), (122, 104), (122, 164), (122, 234), (122, 294), (122, 354), (122, 414), (122, 484), (122, 544),
         (240, 34), (240, 104), (240, 164), (240, 234), (240, 294), (240, 354), (240, 414), (240, 484), (240, 544),
         (358, 34), (358, 104), (358, 164), (358, 234), (358, 294), (358, 354), (358, 414), (358, 484), (358, 544),
         (476, 34), (476, 104), (476, 164), (476, 234), (476, 294), (476, 354), (476, 414), (476, 484), (476, 544),
         (594, 34), (594, 104), (594, 164), (594, 234), (594, 294), (594, 354), (594, 414), (594, 484), (594, 544),
         (712, 34), (712, 104), (712, 164), (712, 234), (712, 294), (712, 354), (712, 414), (712, 484), (712, 544),
         (830, 34), (830, 104), (830, 164), (830, 234), (830, 294), (830, 354), (830, 414), (830, 484), (830, 544),
         (948, 34), (948, 104), (948, 164), (948, 234), (948, 294), (948, 354), (948, 414), (948, 484), (948, 544),
         (1066, 34), (1066, 104), (1066, 164), (1066, 234), (1066, 294), (1066, 354), (1066, 414), (1066, 484), (1066, 544),
         (1184, 34), (1184, 104), (1184, 164), (1184, 234), (1184, 294), (1184, 354), (1184, 414), (1184, 484), (1184, 544)]



[source_id_0]
corners = 458, 184, 1414, 185, 1513, 1063, 361, 1063
grid_points = [(57, 45), (122, 45), (187, 45), (253, 45), (317, 45), (384, 45), (452, 45), (518, 45), (584, 45),
    (57, 106), (123, 106), (187, 106), (253, 106), (319, 106), (386, 106), (452, 106), (520, 106), (584, 106),
    (57, 167), (123, 167), (187, 167), (253, 167), (319, 167), (385, 167), (452, 167), (519, 167), (584, 167),
    (0, 228), (122, 228), (187, 228), (253, 228), (318, 228), (385, 228), (452, 228), (519, 228), (584, 228),
    (57, 288), (122, 288), (187, 288), (253, 288), (318, 288), (385, 288), (452, 288), (519, 288), (584, 288),
    (57, 348), (122, 346), (187, 346), (253, 347), (317, 348), (584, 348), (384, 349), (452, 349), (518, 350),
    (57, 408), (121, 408), (187, 408), (253, 408), (316, 409), (384, 409), (452, 409), (518, 409), (584, 408),
    (57, 468), (121, 466), (187, 467), (253, 467), (316, 469), (384, 469), (452, 470), (518, 471), (584, 468),
    (57, 529), (121, 527), (187, 528), (253, 528), (315, 530), (383, 530), (452, 531), (517, 532), (584, 529),
    (57, 593), (122, 593), (187, 593), (253, 593), (317, 593), (384, 593), (452, 593), (518, 593), (584, 593)]

[source_id_1]
corners = None
grid_points = None
[source_id_2]
corners = 146, 69, 478, 69, 532, 359, 104, 359
grid_points = [(166, 112), (101, 112), (240, 113), (311, 114), (379, 115), (520, 116), (452, 116), (240, 174), (167, 174), (101, 174), (311, 174), (520, 175), (379, 175), (452, 175), (167, 234), (101, 234), (240, 235), (311, 235), (380, 236), (520, 237), (452, 237), (101, 293), (241, 294), (168, 294), (311, 295), (380, 296), (452, 296), (521, 297), (101, 354), (241, 355), (168, 355), (311, 355), (381, 356), (521, 357), (453, 357), (241, 413), (169, 413), (101, 413), (521, 414), (381, 414), (311, 414), (453, 414), (101, 470), (170, 471), (242, 472), (311, 473), (382, 474), (453, 474), (521, 475), (242, 534), (521, 534), (170, 534), (101, 534), (382, 534), (311, 534), (453, 534), (101, 54), (101, 592), (168, 54), (168, 592), (241, 54), (241, 592), (311, 54), (311, 592), (380, 54), (380, 592), (452, 54), (452, 592), (520, 54), (520, 592), (36, 114), (586, 114), (36, 174), (586, 174), (36, 235), (586, 235), (36, 295), (586, 295), (36, 355), (586, 355), (36, 413), (586, 413), (36, 472), (586, 472), (36, 534), (586, 534), (36, 54), (586, 54), (36, 592), (586, 592)]


[source_id_3]
corners = None
grid_points = None





[source_id_0]
corners = 361, 1063, 457, 184, 1410, 183, 1512, 1063
grid_points = (57, 43), (121, 43), (188, 43), (253, 43), (320, 43), (384, 43), (451, 43), (518, 43), (582, 43), (57, 104), (122, 104), (189, 104), (254, 104), (318, 104), (385, 104), (451, 104), (518, 104), (582, 104), (57, 166), (122, 167), (188, 167), (254, 166), (318, 166), (385, 166), (451, 166), (518, 166), (582, 166), (57, 226), (122, 226), (188, 226), (254, 226), (320, 226), (385, 227), (451, 227), (518, 227), (582, 226), (57, 288), (122, 286), (188, 286), (253, 286), (320, 288), (385, 288), (451, 291), (518, 289), (582, 288), (57, 345), (121, 341), (188, 346), (253, 346), (320, 346), (384, 348), (451, 348), (518, 349), (582, 345), (57, 407), (121, 404), (186, 405), (253, 405), (320, 407), (384, 407), (451, 408), (518, 409), (582, 407), (57, 467), (121, 465), (186, 467), (252, 467), (320, 467), (384, 468), (451, 469), (518, 469), (582, 467), (57, 528), (121, 527), (186, 528), (252, 528), (321, 529), (384, 529), (451, 531), (518, 531), (582, 528), (57, 592), (121, 592), (188, 592), (253, 592), (320, 592), (384, 592), (451, 592), (518, 592), (582, 592)

video_path = /home/project/videos/video1.mp4

[source_id_1]
video_path = /home/project/videos/lythaito.mp4

[source_id_2]
corners = 491, 25, 1431, 8, 1450, 1038, 486, 1038
grid_points = (32, 46), (103, 46), (175, 46), (248, 46), (317, 46), (389, 46), (459, 46), (532, 46), (606, 46), (32, 106), (103, 103), (175, 103), (249, 104), (318, 106), (391, 106), (462, 107), (535, 108), (606, 106), (32, 168), (103, 166), (175, 166), (248, 167), (318, 168), (390, 168), (462, 170), (535, 171), (606, 168), (32, 230), (103, 229), (175, 230), (248, 230), (318, 231), (390, 231), (460, 232), (533, 232), (606, 230), (32, 291), (103, 290), (175, 291), (248, 291), (318, 293), (389, 293), (460, 294), (533, 294), (606, 291), (32, 355), (103, 354), (175, 354), (247, 355), (317, 355), (389, 355), (459, 357), (532, 357), (606, 355), (32, 417), (103, 416), (175, 416), (247, 417), (317, 417), (387, 418), (458, 418), (532, 419), (606, 417), (32, 481), (103, 480), (175, 480), (247, 480), (317, 481), (387, 481), (458, 481), (531, 482), (606, 481), (32, 542), (103, 540), (175, 541), (247, 541), (317, 542), (387, 544), (458, 544), (531, 545), (606, 542), (32, 602), (103, 602), (175, 602), (248, 602), (317, 602), (389, 602), (459, 602), (532, 602), (606, 602)

video_path = /home/project/videos/video2.mp4

[source_id_3]
corners = None
grid_points = None

video_path = /home/project/videos/sample2.mp4

