[source_id_0]
video_path = ../../videos/video1.mp4
corners = 457, 184, 1410, 183, 1512, 1063, 361, 1063
grid_points = [[(96, 82), (301, 82), (199, 82), (353, 82), (148, 82), (405, 82), (249, 82), (301, 130), (199, 130), (353, 130), (405, 130), (249, 130), (96, 131), (147, 131), (96, 177), (199, 177), (147, 177), (250, 177), (301, 178), (353, 178), (405, 178), (96, 224), (198, 224), (147, 224), (301, 225), (250, 225), (405, 226), (353, 228), (95, 267), (198, 271), (147, 271), (250, 271), (300, 272), (353, 272), (405, 273), (95, 316), (198, 317), (146, 317), (300, 318), (250, 318), (353, 319), (405, 320), (95, 364), (197, 365), (146, 365), (250, 365), (300, 366), (353, 367), (405, 367), (95, 412), (197, 413), (146, 413), (300, 414), (251, 414), (353, 415), (405, 415), (95, 34), (95, 463), (147, 34), (147, 463), (198, 34), (198, 463), (250, 34), (250, 463), (300, 34), (300, 463), (353, 34), (353, 463), (405, 34), (405, 463), (45, 82), (455, 82), (45, 130), (455, 130), (45, 177), (455, 177), (45, 225), (455, 225), (45, 270), (455, 270), (45, 318), (455, 318), (45, 365), (455, 365), (45, 413), (455, 413), (45, 34), (455, 34), (45, 463), (455, 463)]]


[source_id_1]

[source_id_2]

